001 201310264
002 201210117
003 201110442
004 201410110
005 201310011
001 201310264
002 201210117
003 201110442
004 201410110
005 201310011
006 201?104?3
007 201310074
008 201210340
009 201310042
010 201310370
001 201310264
002 201210117
003 201110442
004 201410110
005 201310011
006 201?104?3
007 201310074
008 201210340
009 201310042
010 201310370
001 201310264
002 201210117
003 201110442
004 201410110
005 201310011
006 201?104?3
007 201310074
008 201210340
009 201310042
010 201310370
001 201310264
002 201210117
003 201110442
004 201410110
005 201310011
006 2013?04?3
007 201310074
008 201310340
009 201310042
010 201310370
001 201310264
002 201210117
003 201110442
004 201410110
005 201310011
006 2013?04?3
007 201310074
008 201310340
009 201310042
010 201310370
001 201310264
002 201210117
003 201110442
004 201410110
005 201310011
006 201??04?3
007 201310074
008 201210340
009 201310042
010 201310370
001 201310264
002 201210117
003 201110442
004 201410110
005 201310011
001 201310264
002 201210117
003 201110442
004 201410110
005 201310011
006 201310??3
007 201310074
008 201210340
009 201310042
010 201310370
011 20121033?
012 201310382
013 201310373
014 201310399
015 201310375
